% IIR filter coefficients
b = [0.0028964459020215955, 0.028964459020215955, 0.1303400655909718, 0.3475735082425915, 0.608253639424535, 0.7299043673094421, 0.608253639424535, 0.3475735082425915, 0.1303400655909718, 0.028964459020215955, 0.0028964459020215955];
a = [1.0, -6.262351748276274e-16, 1.3403832676990333, -6.491382153598685e-16, 0.5453539095238172, -1.8053010576793706e-16, 0.07704116610119555, -1.5088120228479573e-17, 0.0031654815483433845, -2.483183126481831e-19, 1.6778797726675398e-05];
